4.487864194875320401e+00
4.311427443463375475e+00
1.927463906949476169e-01
3.439808315961263574e+00
3.654751220427248093e+00
-2.165734030621576878e+00
5.723937569635589862e-01
8.162088003528470415e-01
-4.041808589335722512e-01
7.616170233583781091e+00
2.472476380373799465e+00
6.221606430991164061e+00
4.219973250963701794e+00
2.649646011259142675e+00
9.166069835916205832e+00
-1.990254121402643239e+00
-1.826674132199407552e+00
-3.630343143796191718e+00
6.768826195104752363e-01
-6.082485478760405684e+00
2.399638001349892136e+00
-3.402523290379536824e+00
-9.483210844381769755e-01
3.973766099972799282e+00
2.292890295270876955e+00
7.925610600211792089e+00
-4.963308023005120750e-01
7.878937380867145901e-01
2.014373469576098863e+00
7.162323806527125747e+00
-3.864112564067055722e+00
-3.203293952336488282e+00
-3.200449052798482796e+00
-6.901555569999918704e-01
3.560096970717030018e+00
1.144949458104127737e+00
4.680669091014076244e+00
2.365758003761372130e+00
-4.972532506389990559e+00
-5.618865201646575658e-01
1.280627517385842795e+00
-2.931272042568674463e-01
5.112831589161390689e+00
1.951341350921370843e+00
4.661908328695908210e+00
-2.851507691726981264e+00
6.067700191430214218e+00
2.509789952734648111e+00
8.488507449758854406e+00
4.626223221316062784e+00
6.646650436794891981e+00
4.701363868006199986e+00
3.169472161854145931e+00
2.138128231031283910e+00
1.980049703594474630e+00
1.290026492602937669e+00
-6.263416899589384634e-01
2.224721271270068135e-01
1.092913222111371319e+01
6.928132483611643799e+00
1.359195511972571957e+01
-1.024814019882585442e-01
2.158382633969215536e-01
-4.113538657587915814e+00
1.874199298803336911e+00
-1.363829892630156193e+00
-2.794370383476027619e+00
3.731996789077328458e+00
2.583506263500781941e+00
1.960511326844386337e+00
4.756813777970935853e+00
3.840249264901441251e+00
3.569075432718771701e+00
-8.714523278440903908e+00
-2.372817729848875956e+00
1.443925169122282748e+00
-6.948556468732527414e-01
3.444835126110894485e-01
1.209018731570399297e+00
1.198516688611634073e+00
2.917452221461642181e-01
5.015837230088603604e+00
7.173350055755109089e+00
2.613023322394981030e+00
1.843452328097729409e-01
1.568028072094529879e+00
-5.065558371725765952e+00
7.645141221949415034e+00
-5.605067126897470553e-01
6.809305734106097852e+00
7.457753205951159536e+00
4.365800958988477198e+00
-1.526732568198116535e+00
-2.870358012480809684e+00
6.580229869918068353e+00
-7.717388372606843738e-01
3.402958565833327675e+00
4.680896822975745053e+00
4.481848564625957820e+00
-1.478105359290375675e+00
-1.006928320417628031e+00
6.122187156217669290e+00
-2.346083130819734131e-01
-2.146011060796931602e+00
1.080149158790893082e+01
1.709543806646704800e+00
-9.613414560669956144e-01
4.245746055239424166e+00
-9.890122185405622601e-02
7.208389196340034388e+00
1.809488087412605140e+00
1.304871682836954982e-01
-1.973746812515548288e-01
-4.126990126311263829e+00
2.746264610981072884e+00
5.526732966699934302e+00
2.622591867130799059e-01
6.996561981877099434e+00
7.957150897103347775e-01
7.352249627231396190e+00
-8.053726199112593021e-01
-1.648123445515715879e+00
-2.164166305874705820e+00
-3.190825945610690439e+00
4.628947975762022438e+00
1.044443893703916437e+00
-2.891796352751226706e+00
-1.160906473410040940e+00
-1.393318168384156674e+00
3.635184609685798485e+00
-3.911307967453719669e+00
1.221700669536577166e+01
-1.375349557174593063e+00
8.953559681945932880e+00
5.657142010843811519e+00
6.266721953710491233e-01
4.133724647926133144e+00
2.219690098336012163e+00
8.375881380568133139e+00
-2.371835578169989023e-01
-6.511622800029270408e+00
-1.003523224635645361e+00
-1.031372356435119597e+00
5.589268660620985152e-01
6.772153153741365672e-02
4.179503361105635362e-01
6.781521294119466248e+00
2.959464121817280358e+00
3.509796612498044865e+00
3.284633532831823244e-01
2.538045950761644853e+00
1.558515256715705455e+00
4.051138759561569103e+00
3.345320897037136199e+00
-6.237096442201258917e+00
-5.475457505667217006e+00
4.175074899949652085e+00
7.183487894452874611e-01
3.883022481009551719e+00
3.971198660882103049e+00
8.854318763719232876e+00
5.525670061359654994e+00
-1.615201872660671389e+00
4.015895261424246243e+00
4.772470712815772842e+00
4.708779075948686277e+00
3.828181147056593403e+00
-1.586524414120162207e+00
5.366254228968249329e+00
-2.917223487709784457e+00
5.259483317144947989e+00
-7.905842592940754976e+00
9.488010928800294508e-01
9.053303283932785384e-01
-7.321142983269685045e-01
4.948459980071684861e+00
4.068390893346174320e-01
4.041445820298808833e+00
4.165096428119346328e+00
4.911885817114918784e-01
2.926488380283351454e+00
-1.295109541277843723e+00
6.007564056645054329e+00
2.025840782521527217e+00
-1.120974451108549319e+00
8.296684367737663934e-02
5.448142058803497889e+00
6.901964148724212933e+00
9.867972643689332912e+00
4.258052872850110582e+00
3.896072831796124070e-01
7.950093066307509782e-01
7.170865068097136419e-01
3.514572766079316679e+00
-5.270438451572718730e-01
4.360228770490163441e+00
5.113652129731830698e+00
4.335769995528653276e+00
-2.113209568006189920e-01
4.333286594012212056e+00
-4.094299129328063946e-01
-1.811262201665826632e+00
3.428477974482571078e+00
5.395824685696330114e+00
1.261293415694556774e+00
7.089949578587456669e-01
3.808103890613979026e+00
6.606717320965736384e+00
5.973106300148756986e+00
2.006738826540564347e+00
1.193733367834405867e-01
3.796339383448477101e+00
-2.547168829249613964e+00
-2.639474384431053977e+00
2.024466657920660495e+00
9.970521564436060302e+00
1.859379044358161925e+00
2.441241530161310180e+00
6.815905848604126849e-01
-2.956983837969154649e+00
1.413501255040861271e-01
1.569501309270660894e+00
1.825854618667653284e+01
-4.701886115226021068e-01
4.652150947325245589e+00
2.403138189611819797e+00
-3.291854846317963101e+00
2.426148863966716973e-01
-1.340983681962688800e+00
2.183252831666753657e+00
6.732054797481115127e-01
4.422396762602406106e+00
4.642648279904413866e-01
7.357408184383208649e+00
8.674259159178641099e+00
-4.069303515311597369e-02
-2.095891369054972309e+00
-1.442845630952365843e+00
-1.292621629596462096e+00
1.696893900414106815e+00
2.974564251230502165e+00
2.820465596948412035e+00
9.159737911757948936e+00
-3.228037648901100454e+00
-3.223317800009370515e+00
7.520122431273322583e+00
-4.288559759437724495e+00
1.161296436023912548e+01
4.093779703110538293e+00
5.721694930695393921e+00
3.473067892363346232e+00
1.139974134288946672e+01
-7.449772894903739839e+00
2.269633674244436072e+00
3.839798013330761317e-01
-1.740902191124741094e+00
4.728292142728214742e+00
1.922150040759825318e+00
-6.423183252719421255e+00
-8.708849518321758465e-01
2.222681843391510093e+00
-4.531973113697432609e+00
-9.594578468593757681e-02
-5.563052946350810046e+00
4.521867233858321455e+00
2.608100482709245327e+00
3.227910725975206674e+00
8.707084271990873647e-01
3.644085293538359416e+00
7.739691545686634200e+00
4.095439667559936936e+00
4.383365999348883157e+00
5.100664827376572674e+00
5.080782457190036183e+00
2.937561607775147188e+00
-1.545929063522560432e+00
-3.761880419446129054e+00
4.752398942842845919e+00
2.175360228654636963e+00
3.300343724329579231e+00
3.128871592294939497e+00
1.044568272894265126e+00
-4.502590722067765228e+00
-4.131501988259663194e-01
-2.620055087278536199e+00
5.078336435303543617e+00
3.010324468634117956e+00
-2.241496526054101435e-01
2.920403401510112573e+00
-2.390179966216184226e+00
2.173130295580939730e+00
-1.358950944644969072e-01
-8.243478899308520624e+00
1.615973666411556486e+00
6.385747420428796062e+00
-2.708961551221961805e+00
-1.097104450304184464e+00
-6.361317488345458182e-01
3.401766300503100027e+00
-2.903661644095554273e+00
7.171811903237710339e+00
3.476494598814764636e+00
-4.070201461467513049e+00
1.014989146952014920e+01
9.035296472743489238e-01
3.324204605517586231e+00
2.282277858767167267e+00
6.012541098579015753e+00
-4.923110631566396833e+00
1.891864541411526712e+00
5.164085981418185867e+00
-3.123572893018979890e+00
8.646956349530638963e-01
-1.517228561772658413e+00
-1.637505167347322654e+00
5.222192278386844855e+00
5.115232993576879217e+00
-2.111371113573154434e-01
2.110415738441111522e+00
-3.416043655337487550e+00
1.139617067742021872e+00
-3.152386420114596355e+00
6.156695933933789888e+00
1.466664101739047155e+00
-1.112155561887068878e+00
-3.175587638916460342e+00
-4.303692221871314949e+00
3.945437967743460561e+00
5.731207044792054894e+00
2.885900997415281388e+00
4.581642510587592199e+00
1.917020887352077763e+00
-2.653447404379425945e-01
-5.062363833741661878e+00
-1.198225764513652480e+00
1.241356046031642624e+00
-7.869330726731692316e+00
8.294748854495145096e+00
1.254363091221199378e+00
-4.639955760349460334e+00
2.715475077832318895e+00
2.693463266057793959e+00
-3.359114888258828202e+00
5.777004322234711303e-02
-2.606485092013009819e+00
2.188516704780268718e+00
3.415674911008927950e+00
-2.884459765206514037e-01
2.694345898522799487e+00
2.178944026529277878e+00
2.267437717657394991e+00
1.247898886244738881e+00
8.747191137591679233e-04
-5.160286642799259971e-01
1.222163005135511238e+00
-3.941019304990048155e+00
9.321979179990599107e+00
-4.259484831038347963e+00
1.926010975015586935e+00
3.474920436866058893e+00
-3.948512788537461127e+00
-1.227794543525926457e-01
-5.321208082755830127e+00
-1.515383456675626905e-01
1.446722984775088705e-01
2.340830452570162201e+00
4.788956682554754707e+00
4.070317998014118643e+00
1.862440878703891967e+00
5.213355150784731329e+00
3.816281217794910141e+00
-7.195903778413493823e-01
-3.655521077282433140e+00
2.896274056715498091e+00
1.225309792903684691e+00
4.588285189869983682e+00
6.158556641751808947e+00
6.330293043073675463e+00
4.228295190587570751e+00
6.720964762099233880e+00
1.020404677224285406e+00
-1.335467740306717777e-01
2.889495628514730186e+00
6.903318283851929138e+00
1.119416911982108020e+00
3.594276866120648783e+00
-2.984105306543630931e+00
5.478768639433408971e+00
3.988073442050883877e+00
3.845843521477682714e+00
-1.495751612664897978e+00
-6.035411825226690841e-01
5.706965226331726981e+00
1.782833464494784970e+00
6.418832526350122691e+00
1.807176048043747651e-01
2.115148493882460734e+00
2.424943241798696469e+00
6.437675906053558883e+00
9.898246906977840709e+00
