7.115550593801432733e+00
3.187161361347024879e+00
-4.602059799684377062e-01
1.543628917001472090e+00
2.254924233429420610e+00
-2.363703176769866410e+00
-8.277629978345650841e-01
-2.030333087527451674e+00
-1.167144239290224483e+00
6.408631877777879460e+00
1.532576869555503762e+00
2.235718114474589235e+00
3.980756654511573345e+00
5.966658054158074265e+00
8.722383196333122868e+00
-2.062315707362551542e+00
-4.522379189814333955e-01
-4.826492009810582573e+00
5.786791171436944659e-01
-6.426289990735166491e+00
2.373705916358527013e+00
-3.545258585994745637e+00
-3.473364739360091491e+00
5.774098159404125852e+00
1.021301510569806670e+00
5.847344311484080848e+00
1.414207355034422964e+00
2.222395738743112137e+00
3.992546098493504836e+00
4.223341723699107320e+00
-4.084429641131232636e+00
-8.554248724602793175e-01
-8.061616602417767119e-01
-1.490071613353312507e+00
9.049427342129672258e-01
1.126466961935682853e+00
5.102441245056955843e+00
1.850699813325105136e+00
-3.140796638120696649e+00
-1.216874515503036047e+00
3.875514172171240723e+00
1.069195082101229044e+00
1.553105881595687965e+00
3.397578174151922425e+00
4.478984219986777759e+00
-1.272332915760749028e+00
7.179897538496344822e+00
1.440636580786285981e+00
1.000630305255149466e+01
4.615106063661022162e+00
6.607661957510282846e+00
5.428461113488387113e+00
2.046144981597478818e+00
3.824476281872217776e-01
1.617312623165569896e+00
7.486607101669349174e-01
-7.221061871843827973e-01
-2.579594956271888506e+00
8.244835414821288566e+00
5.779406438289392156e+00
1.330081973429849285e+01
2.019514955155021774e-01
2.112802386835457291e+00
-3.994736004558770759e+00
3.462523960447671190e+00
-1.997222099524305072e+00
-4.364468194123994671e+00
-4.939148369752288659e-03
1.188386346027685114e+00
2.706553211926403080e+00
4.810412368298289998e+00
2.447008017922496670e+00
3.556767580390547856e+00
-2.300667292797787589e+00
-1.394545767276417880e+00
1.020602040224263263e-01
9.071745666721575674e-02
1.101416099311225416e+00
4.284743685021472182e+00
1.863065306863464388e+00
-4.651641827524199968e-01
4.415675221721519605e+00
4.573198933106644937e+00
3.768823219952028847e+00
1.028016100076203587e+00
1.430441196507963753e+00
-3.355372998265383266e+00
8.071978781698664562e+00
-9.963354648597331220e-01
8.896253414079298594e+00
7.172150071194073107e+00
5.444693356934639183e+00
-6.940024748138569066e-01
-1.543511301598437413e+00
5.875586743749492413e+00
-1.644486879878241492e+00
1.759383778736661075e+00
2.611440519797855409e+00
3.404098445180472332e+00
7.606790361557109748e-01
-2.401287501312907580e-01
7.336288058901387465e+00
1.529711068172564747e+00
-1.126062359588162476e+00
7.735740647086575272e+00
1.223108831096962223e+00
-1.595676696185896581e+00
4.362538705394654492e+00
-1.438128123621369880e+00
9.295174359787676366e+00
2.274327707669105969e+00
9.955786519192740824e-01
1.088232123637096205e-01
-5.414167509386119015e+00
1.883952425441776324e+00
5.579965404065780454e+00
6.147932263360655902e-02
3.101463163260215872e+00
4.600200181279388012e-01
8.203471223692599068e+00
-7.770671524148347054e-01
-2.857367047549743688e-01
-3.981083786194827390e+00
-3.815330869394024660e-01
5.330236825940453116e+00
3.041993609649911612e+00
-2.775558912947922785e+00
3.731718956004215215e-01
-1.401059392096895007e+00
2.416287371872119394e+00
-1.532897463322478337e+00
8.442526672131592136e+00
-1.753962598588978405e+00
8.174446322199557358e+00
4.644136584157074310e+00
1.944174178077520132e+00
5.065281799361101456e+00
2.842135948682204649e+00
9.004956209705945014e+00
2.123445859552472115e+00
-3.954755959245805919e+00
-1.510607255575701302e+00
-5.280689166851093574e-01
7.254400613443905410e-01
9.036708573707410430e-01
7.137272912684007320e-01
5.506861540095423280e+00
2.699982254419476924e+00
3.948929858747749044e+00
5.720111800205223140e-01
1.817522148031885942e+00
1.152608007705038462e+00
3.527402514388523258e+00
3.528064644256462490e+00
-5.969225029785055092e+00
-3.252432089421337658e+00
1.234880299424677919e+00
-2.919847792509315809e-01
4.550339544512318923e+00
3.638658068332542683e+00
3.884781083289711390e+00
6.686329523719982681e+00
8.286421132296712955e-01
4.954751477993706743e+00
8.911617761693513273e+00
3.907833885650099592e+00
4.247790616149601739e+00
-8.313238779018901070e-01
4.836446285734272266e+00
-2.467292100725450688e+00
1.056739339986707327e+00
-6.109502918594126974e+00
1.587980130504705212e+00
2.432437187521268029e+00
-8.002961068589580229e-01
5.819731037884873004e+00
2.679386874033728994e-01
4.862716501750512066e+00
3.674155104721434029e+00
-2.000241180920596662e-01
3.237157210504927551e+00
-2.043793308635740047e+00
7.868260522255694944e+00
1.288107627649855313e+00
-2.769192272452442261e+00
-1.919765168691296431e-01
4.452755416187948789e+00
5.731397510838954545e+00
9.424820835848770173e+00
3.524107985160964684e+00
2.876557458785858667e+00
1.143850014383958058e+00
5.398067670473620794e-01
2.492942350763744930e+00
2.926281377768069625e-01
3.583467277617138347e+00
5.633917897844215261e+00
4.271534616997364253e+00
-6.424398257151731073e-01
4.126364966236684140e+00
1.056251461031618044e+00
-1.564879669148331320e+00
6.453807823885841621e+00
4.280216611237684710e+00
6.013863522930806838e-01
-1.891608839917342522e-01
5.774995208801875890e+00
7.862707139311894800e+00
4.848423275387778730e+00
5.976150217186638081e+00
1.605676973942093966e-03
4.412506800968465370e+00
-1.217985556767108957e+00
-3.830760671582948973e-01
1.125828264898865338e+00
8.180069521506547758e+00
1.348647523242538115e+00
4.408561338661330709e+00
1.960321581895111187e+00
-1.758641471468418871e+00
-8.937685029305582063e-01
-6.921550549108790307e-01
1.257599052057640421e+01
1.253159141763494855e+00
6.202305941994889160e+00
1.822759842544935394e+00
-4.290969810206396673e+00
3.487526202579821266e+00
-9.794925628919104454e-01
1.282612201698154930e+00
1.552799985348383816e+00
3.723534503369799964e+00
1.491714894005871761e+00
7.965709328024224156e+00
7.764818522888380592e+00
5.064894987763606249e-01
-2.568467948331194961e+00
-1.906909345328040573e+00
1.273292629933101772e+00
3.046088972738996148e+00
3.052935363952093084e+00
2.235542474341940089e+00
1.045814247942814035e+01
-3.721917631021285366e+00
-4.657413074187529922e+00
6.289935120496309651e+00
-5.174621876347892169e+00
8.347327631957874416e+00
3.940579888623114257e+00
4.490513276118906383e+00
7.132380104618264660e+00
8.553840929117267677e+00
-4.505742908522484491e+00
4.807745322997943660e+00
2.437077974438406791e+00
-1.587256523308664846e+00
5.273380907716349597e+00
3.173872640768678366e+00
-1.980492555064634619e+00
5.336228021861044724e-02
2.330890273709550709e+00
-3.296154792744698803e+00
6.121330935346609436e-01
-5.830117294432581865e+00
4.687692867647520245e+00
4.015190301553793084e+00
6.048685730501142110e+00
1.383646071457287130e+00
6.014428568449974755e+00
6.866367891405572799e+00
4.631369627274558809e+00
3.872081245607426947e+00
3.935158702557774113e+00
5.203712550445542817e+00
3.853134464572163687e+00
-3.932958921447489153e+00
-6.067967258041773171e-01
5.122065300393551901e+00
2.226761310383019499e+00
3.641948474379919531e+00
2.808168856102438937e+00
1.930898833864744812e+00
-4.324857371407934359e+00
-8.670813853136607463e-01
-1.393144115904263014e+00
4.676134505924678386e+00
6.426558561434840833e+00
1.127464858168772510e+00
3.985740889051660574e+00
-1.761069992073464707e+00
6.515234717990674440e-01
3.493842228115793258e-01
-2.849967790392240907e+00
1.122280285776292352e+00
5.014045269545412076e+00
-2.434491255937573762e+00
-1.209715937109022477e+00
1.077940121625177161e+00
3.906149189926011456e+00
7.931660553725894403e-02
7.865863038973579080e+00
4.101118289911644510e+00
-2.158313352709634536e+00
9.807936568168791780e+00
1.073101241141382722e+00
2.823909227266574895e+00
9.799544862695031000e-01
5.137941450184719372e+00
-3.077614153397026264e+00
3.979641283303100519e+00
4.348209464934951640e+00
-5.972897939756225405e-01
1.974544078622771259e+00
-1.921526967973369082e+00
-1.297168839965859632e+00
3.708588192756777424e+00
3.869394086369499774e+00
7.300530806944127704e-02
1.017222892537937406e+00
-3.154585430618433328e+00
2.313125114607319066e+00
-2.396124158649883817e+00
3.930296841894446391e+00
1.555347142528501925e+00
-1.408583133521135622e+00
-1.943966897605933219e-01
-3.111591674275389074e+00
3.823989434350066219e+00
4.359186198926289890e+00
4.092067043438853524e+00
1.550287127007915267e+00
1.211392348807431407e+00
-1.349702041248813877e+00
-9.981946952325326805e-02
-1.291870112901644774e+00
3.938530041118855962e+00
-7.050815446307615808e+00
5.745342861252937361e+00
1.648181085204876162e-01
-2.414280904763349334e+00
3.157545652434556871e-01
1.826543064293870033e+00
-4.831568056663166466e+00
1.432114647377029648e-01
-2.175417709565501845e+00
1.034503058567950440e+00
2.727285269932155476e+00
1.349912836912237069e+00
2.107822666611288032e+00
2.928255378788857222e+00
3.039641949423772971e+00
2.099619198898174943e+00
1.622744323474834438e+00
5.142095699974906786e-01
1.117022332397346496e+00
-2.103518228252807987e+00
6.345016113766880572e+00
-3.732388002755294032e+00
1.651101143067051691e+00
3.496450576396674670e+00
-5.655936970750087944e+00
-1.860049850500931967e+00
-6.283877233550314578e+00
1.473552315870354068e+00
-3.287610328410774940e-01
2.707578264511314448e+00
4.138087905163437163e+00
1.861860055951772619e+00
2.356393536925483811e+00
3.374550321275051612e+00
3.884301950880915122e+00
-2.376814768315331783e-01
-4.741602987619059739e+00
3.239190264369921302e+00
-9.134378286997288932e-01
5.899186547764863953e+00
5.563316985842216233e+00
5.898475721644859782e+00
4.753418541356422722e+00
5.889031287516258928e+00
-6.086420763281363833e-01
-6.057386763745005176e-01
2.685203615548641842e+00
6.518298048307726411e+00
2.102526990364197879e+00
5.367450705150081269e+00
-3.518675945191828802e+00
2.991731678179733844e+00
2.715159171662818061e+00
5.906949075503172608e+00
1.143930461615194627e+00
-3.677157662983603359e-01
3.956433207390329887e+00
-3.825548094026887114e-01
5.398858647538786748e+00
3.449236268271742567e-01
2.216170934948488380e+00
1.896666960630540855e+00
4.193598881350657948e+00
8.270688382591458776e+00
