-1.727152069187644079e+00
-6.736793870433044340e+00
2.987429628732526155e+00
4.802923220476730037e+00
3.918578230681877717e+00
1.823482766477112049e+00
8.865533521077113566e-01
-3.358485088801301366e+00
5.082718965647656795e-01
1.201860479900872747e+01
2.299871793803512698e+00
-7.600513161979082000e+00
2.946190402752092430e-01
-2.169785521890535751e+00
9.230617808658944101e-01
-4.987776890227970106e-01
4.133453857410614440e-01
6.045761539358875503e+00
1.175677927736126227e+00
1.917581934893626494e+00
-5.022485749027688406e+00
1.063525627089933367e+00
-2.678452024349922578e+00
1.797084263685681194e+00
-1.034583728417965753e+00
1.032386508246136980e+00
5.485697268777769420e-01
-1.887316743862541113e+00
3.152490210778778668e+00
-1.403581699688984941e+00
-3.972198492366628475e+00
6.704984105187206112e+00
-1.647009009944700175e-01
-8.095670625583135660e-01
3.978174824315491520e+00
-6.525507107334158619e-01
7.165546116063127080e+00
-8.610628021675255095e-01
-5.179942074759153137e+00
3.257643241946901469e+00
-1.913482601775174485e+00
-1.785835336742779056e+00
-3.235430879482101840e-01
3.921418119571263183e+00
1.994107922621336737e+00
5.189471381064903355e+00
8.809936367126985246e+00
6.071313469629758153e+00
8.574734910825643208e-01
1.058568918624118796e-02
7.360032744391384885e-01
3.914978373736828665e+00
-6.452271144258848068e+00
9.542782204609626007e+00
5.037430189017526594e+00
2.946424062316763237e+00
1.190545552591691258e+00
2.973587794362612335e+00
4.327036935813383778e+00
1.488719204828255482e-01
3.041915625842742443e+00
5.760531877531699152e+00
1.726446551808718533e-01
-9.930392964753508300e-01
-4.312824588721725583e+00
4.414969610754169160e-01
1.871049664213694896e+00
-2.218281146016811256e+00
2.628113109150466808e+00
5.288601721212958573e+00
-4.915175826537310222e-02
2.324173138709821007e+00
-2.946061954787180248e-01
1.132748080155231651e+00
-8.121693323193890368e-01
8.265254426533615861e-01
4.735630446716026398e+00
1.565612672687336504e+00
2.784001898076420289e+00
5.255199217510404530e-01
5.066555459742696499e+00
7.367040757683995800e+00
3.512565150793613977e+00
8.371693530038584186e+00
-6.587544897443318170e+00
3.635531805448676934e+00
5.325299534251837663e+00
6.547349454126616841e+00
-1.522782863266518572e-01
1.683342582536635934e+00
5.958042107082699435e-01
3.083612433171584399e+00
7.549233212246377889e+00
2.513471012717704012e-01
-5.538615417715787581e-01
5.693410027490035219e+00
-2.686392904662616155e-01
-6.692121819976117436e+00
2.683409022957669698e+00
-1.238091623305044076e+00
1.032264865969376028e-01
1.369982461213707037e+00
4.454179828445438361e+00
4.553318066410561471e+00
4.142659336086510713e+00
8.158614305613710593e-01
1.680192977527566578e+00
-4.370444204848158432e-01
-1.061833155410764729e+00
2.432899352967165196e+00
2.561482986536387507e+00
4.169104374392433421e+00
4.305915721896285575e+00
-1.551350286908579124e+00
-4.004484326605971312e+00
-1.827323313621148859e+00
1.458580865987319841e+00
-1.111969501784053183e+00
-1.877847613487284795e+00
6.479361379649943409e+00
2.182834203053323208e+00
1.531883959883634239e+00
4.360817029056799576e+00
3.152498528857735405e+00
4.211179437826496397e+00
-6.183733957591071473e+00
-1.066166748015826338e+00
5.142470069835129998e+00
2.330567124845003502e+00
-1.052046880570761234e+00
3.945017971086231867e+00
6.299237616691163444e-01
5.207962494195404801e+00
-3.183600958049954688e+00
1.681127906185217569e+00
5.838722694010978209e-01
-3.109269285069736988e+00
-3.553368943330766694e+00
-5.327500851668373061e-01
-1.387653513535204164e+00
6.836902606779302616e+00
5.934395323296755898e+00
6.420075882666329115e+00
6.217990308634862906e+00
-3.052757076544396320e+00
4.294539473652669415e+00
-7.243542489939338580e-01
1.124843217581607391e+01
-1.616044284500462780e+00
-6.322165204290908225e-01
-5.920101206437029084e+00
1.079329986721338619e+00
3.159492263735131506e-02
5.051577806352696598e+00
8.665068871781762549e-01
8.063662375811835759e+00
-3.563319612658718771e+00
-4.452704085823739333e-01
3.814291543968007847e+00
-7.719521636816172039e-02
5.821783461231057721e+00
1.582212685533348484e+00
2.646357336280440453e+00
4.407175836344046083e-01
6.749558951233894710e+00
-1.128545030163486951e+00
4.544984806266672450e+00
3.111945144926980600e+00
2.218219590459268087e+00
4.282627278943699767e-01
4.029506618431611287e+00
1.747351824343558846e+00
-9.645977196756065908e-01
7.726869942137347458e+00
3.301565681769629279e+00
3.061848125397915510e+00
2.385565665654472589e+00
4.345056391950254948e+00
-1.782450918136195384e+00
-2.512688738415773670e+00
5.570346911975208926e+00
3.124751133897647470e+00
2.701350386808261561e+00
-5.535027760648881134e+00
4.521490349722497193e+00
1.074788286677429205e+00
6.794672041034445442e+00
3.906470923843057719e+00
-3.545539247577272679e+00
7.836769217848331692e+00
3.350735946077281646e+00
-3.460972204845935152e-01
-2.105334277673926557e+00
1.043691641219438004e+01
7.884093543426448081e-01
5.009308287752556765e+00
1.230646277365636365e+00
9.147256237107027843e+00
-2.506614178704548390e+00
1.519969328614075721e+01
-1.395465940696822615e+00
7.022200991688319904e-01
6.491752310688079675e+00
1.842190395920786372e+00
4.414922915744976528e+00
-9.216619910400881688e-01
2.992014811647189187e+00
9.944496162964043817e-01
3.607480963993991097e+00
-1.643691470527147702e+00
2.975462093542858621e+00
6.152221766870536790e+00
1.120112210412441556e+01
-2.447218083452479931e+00
4.237023707539311346e+00
-2.978312590953946071e+00
-3.520122373320868192e+00
-5.318679194388729492e+00
4.282955319116410031e+00
-2.156478727743071033e+00
6.481364594125390566e-01
7.246454522496878603e+00
3.471600401020912940e+00
8.543294812401061034e-01
-3.586546405826101402e+00
2.116785540460938364e+00
4.321549839768845103e-01
5.886564962680398416e+00
1.449873244414138895e+00
-1.814482318668333205e+00
2.967698344415835354e+00
-1.433789819507288898e+00
5.591590470888744946e+00
1.479296605905688726e-02
9.418069966442591534e-01
1.465069125881095280e+00
6.400346680559668933e+00
8.102374843749133859e+00
7.210415398160134437e+00
6.634519932583428092e-01
-5.376138315541525436e-01
-2.016162024284779530e+00
6.904802333762315447e-01
-2.012314339360677717e+00
7.563900875251804434e-01
3.300080616501759767e+00
4.687226320679829250e+00
-7.151929856177614564e-01
1.488701026438513209e+00
1.163118452834152716e+00
3.895487752133627968e+00
7.624594135712118970e+00
7.242529928483021351e-02
9.735863608382219425e+00
2.448492455081678454e+00
-3.036255503809033751e+00
8.801012146304396655e-01
-1.874681805074479790e+00
-2.004602409279625075e+00
2.062207843229020732e+00
1.424342440534533960e-01
2.635143321193576860e+00
5.488779425910014220e-01
2.932320232422498396e+00
1.056967412869645706e+01
4.297776431809723796e+00
1.561767909767750151e+00
1.934692692071759978e+00
5.321495461641950087e+00
5.041973035463977126e+00
-1.817011504378152065e+00
5.476508435102290129e+00
9.033569505217268203e-01
-2.650982211999340254e+00
-1.409227103036799544e+00
-4.728393171206709766e+00
-2.567747625837287995e+00
-1.324356183184961511e+00
-4.525355375685593096e+00
4.783915453309581789e-01
6.302006593189706685e+00
7.971736129959994699e+00
-1.854356239091417891e+00
2.645380828742721402e+00
3.834070117321509485e+00
-1.620922003556310775e+00
6.466417170822540417e-01
1.467619886476027924e+00
2.881232418345526458e+00
4.718136192237012416e+00
-3.444366878798174714e+00
7.197046472202141665e+00
-1.895454149067650418e+00
-2.023257041799679801e+00
4.114540331827024389e+00
-1.171330162372153927e+00
-7.457746180851857254e+00
-4.661901184174905843e+00
9.359532942303571135e-01
-4.668633656850784241e+00
1.597022438182491122e+00
-3.878113595930970936e-01
8.050066437168975853e+00
3.956381777151679824e+00
6.599869354143360622e-01
8.434552905887598984e-01
4.646207821022443341e+00
-5.025977336767124548e-01
-8.942923118174048724e-01
-4.382832767872852919e+00
3.052796163514243100e-02
8.845801399895274031e+00
-9.535208312011167919e+00
2.733583024442530984e+00
3.039513389431676593e+00
2.325604542882760750e+00
7.167023040603081263e+00
7.267678368048375859e+00
-3.356754570786304459e+00
-3.854003047164129558e+00
7.115196823390689262e-01
-3.880770491045662407e+00
2.008617355674479743e+00
6.173072802168473316e+00
6.418051515606626012e+00
3.298167785571690658e+00
-5.516210958179255996e+00
3.583972637312704546e+00
8.403243412323052608e-01
1.724945045308891256e+00
3.137538589580814552e+00
1.736507924738826869e+00
-3.639963146995920162e+00
8.680358910453307431e-01
6.364433871889715988e+00
1.514696543089053993e+00
5.499052516243401634e+00
5.823143413961392234e+00
2.064458987975958060e+00
8.363080874046401547e+00
5.923889029637682491e+00
-5.811731698286112469e+00
-2.669554249216342101e-01
-9.361845151256094066e-01
1.102160278479366795e+01
1.147005641548813237e+00
1.433549785596077264e+00
-4.218849580923413001e+00
-1.488693915402216739e+00
-5.760059510588085629e+00
7.258348937586294625e+00
7.311424420211354303e-01
1.414493866708928405e+00
5.251619272884065381e+00
3.909985754310269623e+00
2.514275858638005623e+00
-1.346346542264791779e+00
-1.407843345054884621e+00
3.129654139883521591e+00
1.546828996160074965e+00
-5.163384235469672845e+00
4.622220486642678594e+00
-9.567237512982663672e-01
3.757282869372881251e+00
-3.109245311720953531e+00
3.521235192984860429e+00
-4.950278602345785095e-01
-2.525563179361862254e+00
-1.356014741504392163e+00
-5.005155256756133042e-01
3.102759675251686389e+00
2.019073487323828520e+00
-1.964800056721972110e+00
6.732704723712904515e-01
5.280346822038721299e+00
4.468830453946811332e+00
-1.127055578612916470e-01
2.935122511041674542e+00
6.794349519153687567e+00
1.562170321879488455e+00
5.234689845423908805e-01
-3.874550601820681006e+00
-4.265377466613198276e-01
1.077243676493846181e+01
-1.773947917591960355e+00
1.073417766847161614e+00
3.550500557040683791e+00
4.379354475888721510e+00
-1.176584470948424554e+00
7.549615576583996734e+00
-2.916880338023181363e+00
-7.614923829730673166e-01
1.605657894584990641e+00
-1.711105330985324136e+00
-1.634085769074448358e+00
-4.484749363254977306e-01
6.887519422175106598e+00
-3.956454370042760127e-01
6.191457146696135005e+00
-4.068509643513938734e+00
4.229294103537601046e+00
4.216256511340794155e+00
4.433519989955224005e+00
9.276542975955868187e+00
3.512945483623918896e+00
2.707923411510829936e+00
3.161827521085491810e+00
-5.363414846542646330e+00
-1.619048799462933230e+00
4.178658766966658611e+00
-3.159016779250414242e-01
-8.470366593031966040e-01
3.986743246020065801e+00
7.090081498582573971e+00
5.455702444669446649e+00
-2.117776413915077871e-01
1.384931578608779112e+01
5.466068176294016645e+00
-5.600182452976590675e+00
8.160334939813842503e-01
4.140126269459114994e+00
-5.026969841393158056e+00
6.335595752179200568e-01
-6.392719498661674216e+00
1.994604899207980786e+00
1.599954400372853636e+00
-3.972480897283192647e-02
7.488979795807785500e+00
1.176711579094210158e+01
3.061826294007580884e+00
3.830427664134061772e+00
5.355782047130018597e+00
4.171894333845684866e-01
3.325292411707420293e+00
4.258605330558589586e+00
-4.498095390844764063e-01
6.091897935838684219e+00
6.180015071602193544e+00
8.965310042313545225e+00
1.778616051369711126e+00
4.728523876743697230e+00
3.189095559802398672e+00
4.449308907941004421e+00
3.139627385296676731e+00
8.776784864258377894e+00
5.276284258266943361e+00
8.429492137747263136e-02
2.559528409014933947e-01
-1.989415846675888222e+00
-1.019332986894144977e+00
1.694176519697964345e+00
1.191197293913028510e+01
1.695688555936475161e+00
5.380934967374480848e+00
-9.561280686053441613e-01
7.447587896578972355e+00
-1.298497089788221537e+00
7.380290568672903007e+00
2.623150384070165320e+00
2.228570574494548762e+00
1.669189075124854815e+00
-2.230342016212505829e+00
-1.323076109408181100e-01
-3.887138008666113809e+00
2.708949247426254647e+00
1.120458303131670696e+01
2.246023864382640678e+00
-2.796588688469570982e+00
8.652268298498011490e+00
-4.350225325547721233e+00
5.331178376474522196e+00
9.385302185102323280e-02
4.617868336387546790e+00
-1.717128986765963594e+00
-2.655576430651146680e+00
-2.093031005383135135e+00
6.560316693867211058e+00
-9.180814635404416224e-01
8.713407191274098906e+00
1.200213944265204447e+01
4.830925778934130221e+00
3.361599269969018922e-01
2.213978183439136993e-01
-2.958249580135289269e-01
3.205424326420788228e-01
9.756547779417356070e-01
4.740283732193153909e+00
-7.605858679149282153e-01
6.129828583447624268e+00
1.755268804727215803e+00
5.546215603479784484e+00
3.932768176789939396e+00
2.269195093304005706e+00
-6.984633242095651395e-01
-2.892761255994372060e+00
-4.100321647611661291e+00
1.158247576967172510e+00
2.234703917702675735e+00
-1.544256970489396474e+00
7.977820466868720928e+00
3.602595544317277021e+00
4.593076902869666078e+00
-4.555974519180189808e-01
7.879465365093040852e+00
-3.865584703517196630e+00
-9.938137598393127492e-01
3.394131933673674162e-01
2.013290749608616981e+00
1.031612549910573584e+01
3.115293365417076465e+00
5.749006854405838141e+00
-1.315182485798611367e+01
9.137247804558118247e+00
1.312335059752252509e+00
-3.007933282988598300e+00
-8.652877258901046920e-02
3.182134264684960634e+00
1.044521909106913116e+00
3.024168171287820783e+00
1.003193578366060823e+00
4.581333529888088840e+00
3.786746740316752735e+00
5.182402332396754296e+00
-5.742775851520147690e+00
2.086431806676428413e-01
6.340508699666965953e+00
2.120726493879151242e+00
-5.743197965287488493e+00
2.270666059234620615e+00
4.653493112210208338e+00
-5.150455179676313833e+00
2.284599168990236961e+00
3.561686520625518160e+00
5.866198092357393090e-01
-5.709319821805203254e-01
3.969573609533911807e-01
4.102991486091809747e+00
-3.465137257559169015e+00
-7.857020729744467191e-01
-2.216353277448853021e+00
-8.072440307170136720e+00
7.135484920616034010e+00
5.231670073289608425e+00
2.283619371824596289e+00
-2.941563800389757066e-01
5.486892196964688218e+00
2.106182686974507501e+00
-3.990214339494691842e+00
-2.991932927838094614e+00
-1.086685597837399708e+00
-3.174344311547668829e-01
2.454514982557206348e+00
-2.687343495111412572e+00
4.107868203043443245e+00
4.731845867432579844e+00
-2.643636903421693773e+00
-5.448342300487095002e+00
-6.171246821346973555e+00
-1.850148295651565800e+00
9.856907172884117330e+00
1.505529215847079660e+00
8.360925300847974029e+00
-1.900946056829796671e+00
-3.506514800723956604e+00
6.774735906934425955e-01
-1.822884519998404507e+00
-5.037033767292971476e+00
9.373632760180244716e+00
5.087735368057621166e+00
9.822847632550576469e-01
4.291639960611128402e+00
3.503644762522918565e+00
3.469334868323466381e+00
-9.320342970028794305e-01
-4.846834772097201594e+00
-8.054623016736037755e-01
4.159188183702240416e+00
7.390721245231218539e+00
4.123320241866270663e+00
-5.536962755640912892e-01
-5.900395270155504690e+00
-1.111284557934873352e+00
6.334370808217014037e+00
1.107203221901638734e+01
4.819994242421490327e+00
4.180830379423296606e+00
-8.391404092163694539e-01
-1.318611911421970762e+00
1.564699047482869698e+00
-3.023312861944702501e-01
3.337838484437723796e+00
8.537770393979286609e+00
3.645190984467318263e+00
3.497960922321452504e+00
-2.172739892605496159e+00
6.183270984961129813e+00
2.297131444044883786e+00
-5.314838302857277652e-02
-7.993608841979555901e-01
1.366422655541324893e+01
